e000
7001
c000
1002
7002
7804
8808
7ffc
6803
17ff
Invalid Label.
0110100000000010
1110100000000000
0110100000000000
1000000000000000
0110111111111110
0111000000000010
0110111111111101
0111000000000001
10011Loop2
0110111111111110
0111011111111111
0110100000000000
1000000000000000
0110100000000010
10010End
1010100000000001
10011Else
0110100000000010
1011100000000001
0111000000000010
1100000000000000
10010There
0110100000000001
1011100000000010
0111000000000001
1100000000000000
10010Loop2 0
0110100000000001
0111011111111111
0110100000000000
1000000000000000
